<?xml version="1.0" encoding="UTF-8" standalone="no"?>
<!-- Created with Inkscape (http://www.inkscape.org/) -->

<svg
   xmlns:dc="http://purl.org/dc/elements/1.1/"
   xmlns:cc="http://creativecommons.org/ns#"
   xmlns:rdf="http://www.w3.org/1999/02/22-rdf-syntax-ns#"
   xmlns:svg="http://www.w3.org/2000/svg"
   xmlns="http://www.w3.org/2000/svg"
   xmlns:xlink="http://www.w3.org/1999/xlink"
   version="1.1"
   width="1118.3879"
   height="600"
   id="svg2">
  <metadata
     id="metadata8">
    <rdf:RDF>
      <cc:Work
         rdf:about="">
        <dc:format>image/svg+xml</dc:format>
        <dc:type
           rdf:resource="http://purl.org/dc/dcmitype/StillImage" />
        <dc:title></dc:title>
      </cc:Work>
    </rdf:RDF>
  </metadata>
  <defs
     id="defs6">
    <linearGradient
       id="linearGradient3875">
      <stop
         id="stop3877"
         style="stop-color:#ffffff;stop-opacity:1"
         offset="0" />
      <stop
         id="stop3879"
         style="stop-color:#ffffff;stop-opacity:0"
         offset="1" />
    </linearGradient>
    <linearGradient
       x1="540"
       y1="-519.23853"
       x2="780"
       y2="532.76147"
       id="linearGradient3881"
       xlink:href="#linearGradient3875"
       gradientUnits="userSpaceOnUse" />
  </defs>
  <rect
     width="1118.3879"
     height="600"
     x="0"
     y="0"
     id="rect3103"
     style="fill:#f9f9f9;stroke:none" />
  <path
     d="m 1012.9094,342.78966 c -8.3345,-0.53689 -15.61541,1.52868 -22.35521,6.32872 -3.24262,2.30939 -8.69017,7.44807 -8.69017,8.20214 0,0.2706 0.73677,-0.0965 1.63728,-0.81865 8.24262,-6.6104 16.47012,-9.84356 23.3627,-9.17821 4.6431,0.4482 9.9696,1.99702 16.483,4.78591 7.387,3.16295 9.57,3.77131 10.91,3.05415 2.6919,-1.44064 -0.3147,-5.82264 -5.8407,-8.517 -4.4125,-2.15142 -9.8184,-3.4906 -15.5069,-3.85706 z"
     id="path3894"
     style="fill:#3783c8;fill-opacity:1;stroke:none" />
  <path
     d="m 975.88165,191.65616 c -4.81431,0.39178 -6.89068,1.67804 -14.0271,8.75315 -7.70267,7.63652 -11.24474,11.91775 -16.60892,20.04093 -13.78998,20.88267 -21.51023,41.38389 -25.66122,68.21473 -1.25324,8.10078 -1.37667,10.32858 -1.5743,27.45593 -0.17129,14.84459 -0.0522,20.21482 0.59824,26.40113 1.49703,14.23879 4.18917,28.98525 7.4465,40.83753 0.87239,3.17418 1.6665,5.53253 1.76322,5.24245 0.0967,-0.29008 -0.49662,-5.05343 -1.32242,-10.57935 -2.64035,-17.66815 -3.23325,-25.23266 -3.21159,-41.75063 0.0251,-19.15889 1.0194,-30.76778 3.73109,-43.82872 3.48327,-16.77715 9.87541,-32.77269 18.73426,-46.85138 5.65854,-8.99265 13.56992,-17.32784 24.21284,-25.55102 11.61023,-8.97068 15.93663,-14.45304 16.07366,-20.30856 0.0509,-4.73005 -4.72968,-8.46866 -10.15426,-8.07619 z m 99.54345,91.67191 c -4.3593,-0.53604 -7.4894,3.63048 -6.4074,9.33565 0.2739,1.44438 1.7584,5.83243 3.3061,9.76071 1.5476,3.92826 2.9356,8.17209 3.0855,9.43009 0.5904,4.95286 -1.9024,11.64063 -6.1555,16.483 -2.7516,3.13287 -2.2956,3.39999 1.1493,0.67696 6.5001,-5.13812 10.3555,-13.76659 12.4842,-27.91247 0.5747,-3.81879 0.6289,-5.69243 0.2204,-8.24938 -0.9094,-5.69237 -2.0203,-7.43247 -5.7462,-8.98929 -0.6641,-0.27748 -1.3137,-0.45869 -1.9364,-0.53527 z M 955.14805,324.9685 c -0.81779,0.0368 -1.65663,0.27827 -2.51889,0.72419 -1.80187,0.93177 -2.50318,2.18127 -2.50318,4.40806 0,2.47693 1.74443,4.53354 8.42257,9.94961 7.37406,5.98055 8.77546,8.26283 8.87909,14.43641 0.0366,2.17533 -0.10494,4.57493 -0.31486,5.33689 -0.51138,1.85652 -0.0848,1.74967 1.00756,-0.25188 1.27586,-2.33819 1.25758,-12.49063 -0.0316,-16.75063 -1.37537,-4.54517 -3.28464,-8.68478 -5.73048,-12.43703 -2.45445,-3.76567 -4.75698,-5.52587 -7.21027,-5.41562 z"
     id="path3892"
     style="fill:#3783c8;fill-opacity:1;stroke:none" />
  <path
     d="m 284.71348,196.80414 c -7.8545,-0.18244 -14.43627,2.31573 -16.76636,6.81676 -0.81975,1.58352 -1.12394,3.0604 -1.13351,5.47859 -0.0272,6.9684 3.61157,11.24306 16.07368,18.8602 9.28852,5.67737 18.62731,12.54974 22.98489,16.9238 7.55757,7.58614 16.90627,24.38773 21.77267,39.12153 5.71571,17.30519 8.35116,29.69565 11.25629,52.77079 1.39134,11.05201 1.39384,11.1694 1.36966,41.8136 -0.0264,33.66289 -0.26097,37.69929 -3.74686,63.22419 -5.12831,37.5512 -14.76502,73.9017 -25.04723,94.4584 -3.98464,7.9663 -11.80292,16.975 -17.82116,20.529 -3.34796,1.9773 -4.82058,2.2156 -11.53967,1.9207 -4.99652,-0.2194 -11.41119,-3.7968 -13.03527,-7.2733 -0.53567,-1.1467 -1.60355,-5.686 -2.3772,-10.0914 -1.10609,-6.2983 -1.65585,-8.3011 -2.56612,-9.3828 -1.89733,-2.1906 -6.48082,-2.2822 -3.47921,2.1253 4.51445,8.2543 4.60596,8.9521 1.93639,14.6567 -1.98147,4.2343 -4.06625,6.5079 -7.55668,8.218 -4.51586,2.19 -10.33812,2.0522 -15.49118,0.2046 -7.46842,-4.0653 -10.221,-13.6652 -6.20278,-21.6939 2.18872,-4.4284 6.61832,-9.5146 10.37469,-11.9176 1.90414,-1.218 4.67749,-2.2292 9.5718,-3.4949 11.28045,-2.9171 14.05717,-4.9604 14.57808,-10.7053 0.3304,-3.7211 -1.25338,-6.906 -6.75378,-5.2739 -4.21859,1.4323 -6.32141,3.0614 -22.54408,17.5063 -8.9607,7.9788 -11.56915,8.9516 -18.12028,6.801 -7.90675,-2.5956 -11.99154,-11.2898 -11.20907,-23.8665 0.7328,-11.7773 4.32676,-23.0796 13.12972,-41.3098 13.3725,-27.6933 27.51336,-45.2864 47.26071,-58.78469 8.19521,-5.60176 11.11662,-8.37825 11.93325,-11.31924 3.06685,-12.11282 -6.62252,-10.19904 -15.82179,-0.61398 -16.54871,17.10951 -36.46065,46.93561 -51.88916,77.72351 -4.15618,8.2938 -7.82444,15.1776 -8.15492,15.2866 -1.13365,0.3736 -1.3539,-3.6238 -1.3539,-24.3073 -0.003,-27.2981 1.22965,-40.7079 5.52581,-59.69778 4.0524,-17.91233 6.24181,-24.58003 11.80731,-36.02014 4.35153,-8.94481 7.35779,-13.48977 12.53149,-18.98615 5.33405,-5.66673 8.53252,-8.03812 17.30164,-12.78338 11.20483,-6.06333 13.43173,-7.89416 14.51511,-11.91751 1.76967,-6.57194 -2.75441,-10.15415 -12.87784,-10.2015 -4.44005,-0.0207 -5.37977,0.14818 -7.91876,1.33816 -9.21734,4.32014 -16.95333,12.2052 -22.43388,22.87468 -4.6254,9.00464 -7.49617,18.2671 -12.94081,41.62469 -1.78957,7.67747 -3.61748,14.6636 -4.06171,15.52266 -0.68398,1.32265 -1.06202,1.53303 -2.42443,1.40114 -1.34313,-0.13002 -1.78613,-0.53193 -2.72356,-2.42443 -1.07083,-2.16176 -1.14226,-3.02709 -1.41687,-18.63981 -0.46469,-26.41793 -1.33366,-32.49231 -5.54157,-38.602 -5.06317,-7.35156 -15.09334,-5.76779 -19.36398,3.05415 -1.51233,3.12408 -1.47161,12.48659 0.0788,17.27015 0.60801,1.8761 5.58864,12.28371 11.06739,23.12657 5.47879,10.84287 10.53407,21.39947 11.22481,23.45717 1.7279,5.27559 2.47507,9.42313 0.78715,14.24753 -2.09108,4.3196 -5.90429,4.8455 -11.8388,1.6215 -3.21566,-1.747 -4.0814,-2.9078 -15.36524,-20.59194 -4.03989,-6.33136 -10.68561,-13.38061 -17.27015,-18.34068 -8.25843,-6.22098 -13.51007,-8.34182 -23.1738,-9.3199 -15.3261,-1.55117 -27.05378,2.25718 -27.06234,8.78464 -0.003,1.91606 1.39899,4.7635 2.67632,5.44711 1.68453,0.90154 5.72161,0.59127 12.94081,-1.00757 5.00998,-1.10957 8.79103,-1.59657 14.35768,-1.84193 11.08644,-0.51761 18.31674,4.39072 26.99937,12.67317 12.81128,13.27124 20.31421,29.8668 24.33879,53.8256 1.89703,11.293 2.1892,25.0852 0.73992,34.4931 -1.09758,7.125 -1.75619,4.9333 -5.74622,-18.8602 -4.12892,-24.6217 -6.05445,-33.0948 -10.04407,-44.2224 -6.33674,-17.67389 -15.36,-25.94599 -23.45719,-21.505 -2.98977,1.63974 -4.15156,3.88252 -3.82556,7.38354 0.35552,3.81817 2.13438,6.66506 9.58753,15.34946 7.19949,8.3888 10.6494,12.9111 13.83816,18.1518 8.30176,13.6437 11.80403,27.9263 11.83879,48.2525 0.0205,11.8881 -1.2908,19.7363 -4.80164,28.9357 -7.06589,18.5149 -20.63412,34.2102 -37.20088,43.0101 -28.34378,15.0557 -89.016929,30.9124 -130.604537,34.131 L 0,592.5693 0,600 l 1118.388,0 0,-7.5566 -20.529,-0.016 c -30.7884,-0.026 -58.9043,-0.7991 -64.3577,-1.7633 -11.4073,-2.0166 -23.4331,-5.4516 -30.8879,-8.8318 -8.80082,-3.9905 -19.84827,-13.3097 -25.00002,-21.08 -5.50019,-8.2957 -10.50971,-24.0496 -12.34256,-38.8224 -1.95744,-15.7771 1.48302,-30.0409 9.41436,-38.9484 4.19239,-4.7084 7.12231,-7.0828 15.49118,-12.5315 3.60201,-2.3451 7.17254,-4.9972 7.93451,-5.9036 1.90823,-2.2701 1.86932,-4.6798 -0.0944,-6.6436 -2.93607,-2.9361 -7.41284,-1.6521 -13.03527,3.7469 -5.1083,4.9052 -10.48136,12.7951 -17.71098,26.0075 -4.86488,8.891 -7.71405,13.602 -8.23359,13.602 -0.73421,0 0.0201,-3.7586 1.90493,-9.3986 6.86439,-20.5434 22.35692,-37.6915 37.7204,-41.7821 5.83494,-1.5536 9.87424,-0.7422 19.08054,3.8728 6.474,3.2452 7.9863,3.5593 9.1782,1.8577 4.1175,-5.8786 -10.0895,-13.1445 -22.5283,-11.524 -8.00726,1.0432 -12.77447,3.4288 -23.28399,11.6657 -7.3141,5.7325 -9.59849,6.9895 -12.7204,7.0056 -3.74982,0.019 -5.43794,-2.8433 -3.92001,-6.6593 1.28651,-3.2341 3.82157,-6.296 13.68071,-16.5145 10.39764,-10.7764 13.00096,-13.8005 14.04283,-16.2941 0.94236,-2.2554 0.97778,-6.3748 0.063,-8.5642 -0.8003,-1.9154 -3.58891,-3.8413 -5.55727,-3.8413 -5.39371,0 -9.07164,5.3386 -14.38922,20.8595 -1.69885,4.9587 -3.42469,9.6638 -3.84131,10.4693 -0.9918,1.918 -2.53456,3.4319 -3.49492,3.4319 -1.58367,0 -1.80549,-2.3554 -0.96035,-10.2645 0.44791,-4.1916 0.85451,-12.3803 0.89738,-18.1989 l 0.0787,-10.5794 -1.653,-4.70721 c -2.84952,-8.16173 -6.96635,-12.91572 -12.34257,-14.21598 -6.41234,-1.55082 -10.61949,1.82932 -8.17068,6.56486 0.41255,0.79779 3.13502,4.25304 6.06106,7.66692 7.83682,9.14321 9.75763,13.73161 10.90998,26.10201 1.01959,10.9454 -0.63955,28.5497 -3.90428,41.4358 -2.47542,9.7706 -9.27411,28.5894 -10.32746,28.5894 -0.48645,0 -0.64736,-0.7892 -2.21981,-10.6738 -3.03108,-19.0546 -7.75968,-36.6472 -13.83813,-51.4956 -2.84721,-6.9551 -5.69314,-10.3819 -7.99748,-9.6505 -2.06917,0.6567 -2.76983,5.0888 -1.27522,7.9975 0.45567,0.8867 2.40635,3.8413 4.3451,6.5806 6.87309,9.7108 11.63259,20.9198 13.91687,32.8085 1.60353,8.3455 2.05734,13.6683 2.06237,24.0082 0.005,7.921 -0.15738,9.8945 -0.99184,12.5945 -2.36695,7.6587 -7.90876,12.3076 -13.42882,11.2721 -2.57859,-0.4838 -4.94373,-3.2008 -9.46156,-10.8785 -4.57662,-7.7776 -5.40121,-8.93 -7.25758,-10.1543 -2.8073,-1.8516 -5.14826,-0.429 -5.11652,3.117 0.0196,2.2028 1.01924,3.3771 6.34448,7.4309 4.69466,3.5736 6.95929,6.3848 8.0132,9.9338 2.97788,10.0273 -4.56781,17.4275 -13.31859,13.0668 -3.67138,-1.8296 -5.58881,-4.5572 -5.58881,-7.9189 l 0,-2.5347 -1.3854,1.3067 c -3.16347,2.9678 -10.9872,6.9354 -16.6404,8.4383 -1.18741,0.3157 -5.60812,0.5717 -9.82368,0.5667 -8.88746,-0.011 -10.89279,-0.461 -17.74247,-3.983 -3.66508,-1.8845 -5.46292,-3.2533 -9.35138,-7.1315 -10.65311,-10.6254 -17.94953,-23.2875 -21.78842,-37.7992 -1.46156,-5.525 -1.53088,-6.3559 -1.73174,-17.9628 -0.24649,-14.2465 -0.0186,-15.8055 3.36903,-22.7016 3.89239,-7.9228 8.31621,-13.6709 19.85203,-25.8185 7.14469,-7.5237 8.77824,-9.675 10.12277,-13.28721 1.81698,-4.88169 -0.23295,-8.96356 -5.25818,-10.46916 -6.48237,-1.94217 -13.81365,4.50647 -20.40302,17.94717 -5.24303,10.6942 -8.37411,20.8578 -14.05854,45.5918 -3.51442,15.2919 -5.47965,22.986 -6.01391,23.5203 -0.70967,0.7096 -1.03764,-0.5692 -1.35385,-5.274 -0.37809,-5.6238 0.17168,-18.8912 1.02328,-24.6536 1.05903,-7.1668 4.27575,-18.9306 7.33626,-26.842 5.02348,-12.9856 9.61955,-20.52935 18.45089,-30.28967 4.38791,-4.84951 7.65355,-7.52787 12.5,-10.26449 10.81596,-6.10742 17.21782,-6.54782 32.3205,-2.18829 4.53753,1.30978 8.32146,2.09993 10.17008,2.12532 2.70604,0.0372 3.05843,-0.0814 4.39229,-1.57431 1.88297,-2.10742 2.27264,-3.77132 1.40116,-6.06108 -1.48816,-3.91 -7.54166,-6.80031 -16.12091,-7.71411 -8.76715,-0.93379 -17.96549,0.28198 -25.1732,3.32179 -11.18141,4.71573 -21.30811,14.16291 -32.21033,30.03776 -6.31914,9.20148 -11.62262,13.61778 -16.34131,13.61778 -4.07099,0 -6.99289,-2.4852 -7.58816,-6.4546 -0.82257,-5.48539 3.26695,-14.75688 15.58564,-35.34325 8.6134,-14.39423 11.79511,-20.45771 13.47607,-25.59824 2.77113,-8.47429 0.12212,-17.27565 -6.24997,-20.70215 -2.10856,-1.1338 -7.5724,-1.1316 -9.72927,0 -4.85088,2.54508 -8.41738,10.62047 -9.72917,22.05605 -0.3001,2.61627 -0.9002,10.42192 -1.33819,17.34887 -0.99582,15.74854 -1.90126,20.55187 -4.2349,22.65428 -1.00485,0.90536 -1.20812,0.91886 -2.4244,0.23615 -1.74886,-0.98161 -2.06362,-2.1903 -4.8804,-18.45089 -3.19778,-18.46053 -4.52982,-24.49852 -7.05289,-32.14735 -4.97597,-14.60686 -19.18731,-39.36878 -41.32555,-33.20214 -2.60725,1.3672 -3.98483,3.7202 -3.91999,6.70655 0.11264,5.19551 2.5539,7.86991 12.20085,13.38161 17.27254,9.86848 25.56439,20.90617 32.95028,43.84446 2.76005,8.57184 4.88625,18.63315 6.98992,32.99745 1.07633,7.3493 1.14923,9.3791 1.14923,34.5089 0,22.6396 -0.13507,27.8864 -0.9131,34.4931 -0.98217,8.3401 -1.30776,9.5918 -2.21981,8.4855 -1.07002,-1.2981 -4.1082,-7.7963 -5.95082,-12.752 -2.17275,-5.8432 -11.61461,-25.4519 -17.20721,-35.7367 -8.27088,-15.2103 -19.90176,-33.11929 -28.49496,-43.86023 -9.6935,-12.1163 -12.22433,-13.87882 -17.31738,-10.17003 -6.53245,4.75694 5.77874,14.8007 10.90992,19.30102 16.12771,13.03084 23.69734,22.25624 33.86337,41.27834 8.79335,16.4535 15.60641,34.2395 18.813,49.1026 1.26197,5.8494 1.27114,17.0802 0.0156,21.6153 -2.55436,9.2274 -7.44419,13.6731 -15.47547,14.0586 -5.94404,0.2852 -6.65286,-0.2275 -20.1196,-14.2948 -3.45436,-3.6083 -8.17648,-8.1236 -10.50066,-10.044 -2.32413,-1.9205 -4.01047,-3.5646 -3.74685,-3.6524 0.26358,-0.088 4.49325,1.0835 9.41436,2.6133 10.73425,3.3368 12.33552,3.4549 14.7198,1.0706 3.59052,-3.5906 1.52171,-8.2358 -4.9591,-11.1462 -4.994,-2.2427 -12.46352,-3.0915 -20.98549,-2.3772 -7.69597,0.6451 -10.64377,1.4977 -17.00251,4.8804 -8.27416,4.4015 -13.55911,9.3365 -24.13416,22.4968 -8.61064,10.7157 -11.53567,13.2741 -16.26263,14.2947 -4.13133,0.8922 -7.81254,-1.5 -8.40675,-5.4628 -0.89884,-5.994 5.10635,-18.2844 17.3331,-35.4692 7.15608,-10.0577 12.46453,-20.1293 13.2399,-25.1101 1.03089,-6.621 -0.13732,-11.2752 -3.68382,-14.6096 -6.06479,-5.7021 -13.61859,-3.6413 -17.47487,4.7702 -2.80579,6.1201 -4.10368,11.7375 -5.13219,22.2449 -2.07012,21.1471 -2.32454,22.7732 -4.34509,26.8262 -1.20821,2.4234 -1.97194,2.8065 -3.71537,1.8734 -1.46428,-0.7836 -2.29954,-4.4812 -4.2664,-19.1279 -2.46871,-18.3838 -3.97849,-26.7277 -5.8407,-32.289 -4.51703,-13.4897 -12.67224,-24.5241 -21.39481,-28.9515 -3.82836,-1.9431 -4.02035,-1.9905 -9.24116,-1.9836 -5.82217,0.011 -7.60795,0.5933 -9.55607,3.0699 -3.80972,4.8432 -0.31648,11.3238 9.14671,16.971 12.15581,7.254 18.32287,13.8714 24.0554,25.8029 7.39885,15.3998 10.40293,31.6498 9.14675,49.5119 -0.64559,9.1799 -1.59772,13.8633 -4.32931,21.3791 -3.24041,8.9157 -6.07527,13.7817 -11.06741,18.9548 -5.79139,6.0013 -9.94655,7.9796 -17.69521,8.454 -3.93844,0.2412 -5.12957,0.1064 -9.06801,-1.0548 -8.03124,-2.3678 -21.31138,-9.6999 -29.80161,-16.4515 -4.63543,-3.6861 -10.50827,-10.1708 -12.59446,-13.9012 -1.01602,-1.8167 -2.69955,-5.5012 -3.74691,-8.2021 l -1.90489,-4.9118 0.42509,-11.2721 c 0.39406,-10.427 0.53854,-11.6296 1.92061,-16.0579 3.46921,-11.1158 7.89572,-19.5314 13.68076,-26.0075 1.26675,-1.4181 6.57456,-7.042 11.79158,-12.5 11.62252,-12.1596 12.78051,-14.2686 10.42187,-18.8917 -1.95401,-3.8302 -6.35013,-5.3733 -10.31169,-3.6209 -5.24691,2.3209 -10.09486,7.9026 -14.767,17.0025 -4.74872,9.249 -7.38132,16.8577 -13.99558,40.4912 -8.94478,31.9604 -10.84559,36.272 -15.94774,36.272 -6.13412,0 -9.58878,-4.9505 -15.99498,-22.922 -5.44427,-15.2728 -9.59636,-24.9419 -16.65616,-38.7909 -11.92938,-23.4013 -23.82797,-42.7077 -30.51009,-49.4804 -3.6073,-3.6329 -8.7972,-8.9319 -11.77581,-0.8345 -0.92257,4.9716 -0.21489,5.96 14.18451,19.4742 13.40171,12.5779 20.56743,22.9075 29.26637,42.1758 6.64918,14.7279 9.94222,24.5709 12.73617,38.0982 1.6994,8.2282 1.91355,17.7879 0.51951,22.8117 -1.95225,7.0354 -5.3386,11.5492 -10.31175,13.7437 -2.96393,1.308 -7.77919,1.4543 -9.90236,0.2991 -2.63214,-1.4321 -7.19136,-5.8639 -13.36587,-13.0038 -8.72832,-10.093 -13.2364,-13.5862 -17.52195,-13.5862 -2.47945,0 -3.65075,1.24 -3.98299,4.1876 -0.3452,3.0627 1.18047,6.3963 3.82556,8.3124 1.12545,0.8153 4.83252,2.4248 8.23363,3.5894 7.16151,2.4523 10.16982,4.4603 13.6335,9.068 7.18467,9.5577 7.73882,18.6666 1.46411,24.3231 -3.75471,3.385 -8.81962,4.5806 -14.46789,3.4162 -5.13244,-1.0581 -8.50218,-3.4737 -10.59509,-7.604 -2.49839,-5.1673 4.97571,-19.973 0.063,-18.9703 -1.00056,0.8855 -1.66197,2.6211 -3.05416,7.9345 -3.00358,11.4631 -5.01501,14.3412 -9.88665,14.1688 -6.49002,-0.2298 -22.48189,-6.6719 -34.8709,-14.0585 -9.37316,-5.5886 -21.84479,-15.9086 -29.09321,-24.0713 -6.76987,-7.6236 -19.42116,-25.4522 -23.23678,-32.7455 -3.81556,-7.2933 -7.83614,-20.7224 -8.89483,-29.6915 -3.7658,-31.9041 3.54333,-70.08006 19.39547,-101.32241 6.78635,-13.37491 11.25536,-19.99925 20.43451,-30.28967 8.44574,-9.46822 13.96176,-13.63474 27.83375,-21.06423 3.58035,-1.91758 7.11388,-4.10695 7.8558,-4.84886 1.86704,-1.86706 2.83909,-5.45721 2.0151,-7.44648 -0.75743,-1.82886 -1.91488,-2.23544 -4.95906,-1.77897 -5.57103,0.83542 -18.76544,9.61635 -28.6524,19.06486 -6.21788,5.94218 -10.46639,10.99259 -18.82871,22.41814 -7.77124,10.61796 -12.77461,15.74533 -17.7267,18.18325 -6.15345,3.02934 -12.10975,2.55375 -15.44396,-1.24371 -2.76952,-3.15434 -3.21498,-7.51164 -1.55856,-15.00314 2.16857,-9.80789 5.3836,-15.88586 20.22985,-38.22418 24.91753,-37.492 26.85265,-41.43311 26.85768,-54.81738 -0.3332,-13.50826 -25.07886,-24.71323 -31.07683,-13.23993 -5.99796,11.4733 -4.46337,7.61131 -6.92695,16.92381 -2.27778,8.61017 -3.05809,14.78566 -4.78589,38.14546 -0.42096,5.69174 -1.10045,12.28474 -1.51134,14.64106 -2.42397,13.89995 -7.34766,19.7629 -11.27204,13.4131 -1.48272,-2.39915 -1.87896,-4.60625 -3.82556,-21.5995 -2.84479,-24.8337 -5.5327,-41.47378 -8.6587,-53.57368 -1.3132,-5.08302 -5.63231,-15.81829 -8.70591,-21.66246 -4.2995,-8.17507 -7.06277,-11.88799 -14.10579,-18.90744 -7.26928,-7.24488 -10.66557,-9.35018 -17.99435,-11.1461 -2.78759,-0.68308 -5.55248,-1.0412 -8.17065,-1.10201 z m 396.5208,162.46852 c -0.92256,0.0146 -1.8593,0.22041 -2.75506,0.64547 -5.58227,2.76588 -2.69467,13.06138 0.0788,18.30919 3.12011,6.36285 4.29255,13.39063 0.99179,20.26137 -0.85477,1.6037 -2.67682,4.19246 -4.06166,5.74623 -2.80741,3.14973 -2.63472,3.57575 0.51949,1.29089 3.15925,-2.28857 5.92826,-5.31428 7.50942,-8.23362 5.43728,-10.03887 7.76872,-26.85703 4.62852,-33.34384 -1.45295,-3.00128 -4.14358,-4.71959 -6.91124,-4.67569 z M 543.41941,425.4723 c -3.31591,0.035 -4.8277,1.0136 -7.36775,4.8174 -2.40892,3.6074 -3.82474,7.2793 -5.14796,13.2871 -1.87532,8.6677 -1.44494,15.9662 0.7399,24.1499 0.76161,1.6482 1.96473,3.7585 2.67632,4.6914 0.71159,0.933 1.38554,1.6057 1.49562,1.4956 0.11012,-0.11 -0.40111,-1.6536 -1.13351,-3.432 -2.32624,-5.7403 -2.40886,-10.9731 -0.17319,-16.8293 1.28261,-2.6876 2.98649,-4.8477 7.84004,-9.8709 2.50661,-2.5988 15.30822,-16.373 1.07053,-18.3092 z m 183.94208,69.5057 c -3.03612,2.6078 -4.67648,3.7982 -4.21914,7.9344 0.68432,5.1586 3.4614,7.3361 13.50755,10.6267 8.41572,2.7565 11.52352,4.6926 14.90871,9.2883 5.399,7.3296 7.11396,13.3388 5.57301,19.4585 -3.00172,10.9951 -16.96842,11.6446 -23.94519,8.3753 -2.98005,-1.7092 -4.75623,-3.6761 -6.61209,-7.289 -3.72333,-7.3541 3.16115,-13.3793 2.18831,-19.5057 -0.31522,-1.9846 -3.63598,0.5234 -5.03778,3.7626 -1.33159,3.0767 -1.94686,5.8018 -3.32182,14.9402 -1.93421,12.8555 -4.42726,19.0854 -9.5403,23.8192 -3.07199,2.8442 -7.96066,5.5178 -11.61839,6.3602 -3.41209,0.7858 -8.57693,0.671 -10.32745,-0.2361 -3.52601,-1.8272 -6.7261,-6.5082 -7.54097,-11.036 -0.19772,-1.0986 -0.34468,-5.1791 -0.33058,-9.068 0.0293,-8.1176 1.05114,-13.0837 4.48676,-21.8355 4.33698,-11.048 9.03138,-17.6734 18.68705,-26.3697 5.53381,-4.984 14.30549,-8.6221 19.66308,-8.9893 l 3.47924,-0.2361 z m 176.66877,20.5289 c -0.20202,-0.057 -0.48655,-0.011 -0.88162,0.1417 -0.77874,0.2988 -1.88917,2.688 -1.88917,4.0775 0,1.0577 0.29502,0.842 1.96787,-1.4327 1.14791,-1.5608 1.40901,-2.6151 0.80292,-2.7865 z"
     id="path3888"
     style="fill:#3783c8;fill-opacity:1;stroke:none" />
  <path
     d="m 99.275822,114.04281 c -5.950418,-0.17189 -10.575723,0.52687 -13.995592,2.07808 -4.293955,1.94765 -5.179472,3.13227 -5.179472,7.00567 0,2.9194 0.162444,3.47222 1.495593,4.99055 0.823778,0.93824 2.909823,2.3459 4.628463,3.11713 3.997834,1.79416 12.990353,3.39924 18.812976,3.36901 36.48534,-0.19058 73.73043,10.21998 101.16498,28.25882 13.70071,9.00857 24.19152,17.64895 33.89485,27.94396 13.41647,14.23456 21.42531,25.25081 33.76889,46.39483 2.43672,4.17396 4.52474,7.50303 4.62846,7.39925 0.10378,-0.10377 -0.97091,-2.49625 -2.3772,-5.30541 -14.5066,-28.97744 -33.87938,-53.80212 -58.73741,-75.28338 -22.61033,-19.53884 -48.14118,-33.4168 -76.96789,-41.82935 -17.64615,-5.14972 -31.21928,-7.85268 -41.136648,-8.13916 z"
     id="path3886"
     style="fill:#3783c8;fill-opacity:1;stroke:none" />
  <path
     d="m 431.0611,61.74431 c -8.28772,-0.32385 -18.42455,2.6527 -24.51196,4.77015 -18.08353,6.98141 -24.72462,11.16091 -36.38224,22.89043 -14.37573,14.46439 -21.09067,27.30683 -24.9213,47.6228 -1.24751,6.61295 -1.26093,29.96693 -0.0158,37.67318 1.02051,6.31577 3.1269,15.81509 4.47103,20.16687 0.54671,1.77002 1.05839,3.13443 1.1335,3.03842 0.0752,-0.096 -0.29113,-4.70718 -0.81864,-10.24874 -1.96312,-20.62207 -0.38257,-35.94363 5.16373,-49.93704 7.53234,-19.00422 19.65668,-31.49667 39.57809,-40.80604 6.88448,-3.21713 8.86496,-3.89443 19.85201,-6.75378 4.65189,-1.21823 31.16015,-6.12029 29.65995,-19.71033 -1.4321,-6.19523 -6.76243,-8.45403 -13.20844,-8.70592 z m 386.44523,32.17885 c -0.48953,-0.0671 -0.95839,-0.0623 -1.38539,0.0315 -1.91391,0.42035 -4.01672,2.77554 -4.3608,4.89609 -0.6188,3.8132 1.68836,11.67616 5.85642,20.00945 7.88755,15.76968 13.85007,34.66484 15.68009,49.65366 0.7729,6.33023 0.27663,28.04639 -0.80292,35.26448 -3.00362,20.08222 -11.82342,41.32688 -26.62156,64.09006 -1.84106,2.83198 -3.34806,5.32569 -3.33753,5.54156 0.0734,1.51949 9.43834,-11.97242 14.9402,-21.52078 16.19184,-28.10041 23.512,-55.00061 23.50444,-86.39799 -0.003,-11.29929 -0.44302,-16.66937 -2.23557,-26.95215 -2.05925,-11.81274 -6.96736,-28.44587 -10.18575,-34.49307 -2.89113,-5.43223 -7.62503,-9.65301 -11.05163,-10.12279 z m -96.52082,29.70717 c -3.98674,0.46766 -5.89304,1.68094 -9.19395,5.84068 -2.27481,2.86685 -6.48967,10.12867 -7.60387,13.09824 -0.46782,1.24685 -1.77427,4.53081 -2.9125,7.28904 -2.90287,7.03462 -6.93663,20.64945 -8.06046,27.21978 -3.11702,18.22469 -3.21682,39.71435 -0.2676,57.93451 1.33194,8.22871 4.93828,22.4257 9.03652,35.54786 4.13451,13.23834 14.7051,35.27564 24.0869,50.20467 1.42922,2.27428 2.67486,4.06317 2.75507,3.98299 0.0802,-0.0801 -1.47834,-3.64658 -3.44775,-7.91876 -5.94067,-12.88707 -7.30943,-16.1461 -11.17759,-26.52708 -8.00433,-21.48128 -11.64011,-37.52958 -12.98806,-57.27331 -1.21723,-17.83012 0.48821,-37.08473 4.39234,-49.40176 3.66987,-11.57779 8.03924,-20.05043 15.50691,-30.13224 6.23108,-8.45856 19.03586,-30.65821 -0.12596,-29.86462 z"
     id="path3099"
     style="fill:#3783c8;fill-opacity:1;stroke:none" />
</svg>
